$ 1 0.000005 3.5993318835628396 59 5 50 5e-11
v 736 208 736 80 0 0 40 5 0 0 0.5
162 992 128 992 208 2 default-led 1 0 0 0.01
r 944 80 944 128 0 1000
c 944 128 944 208 4 0.000002 1.1353353581922792 0.001 0
w 944 128 992 128 0
w 944 208 992 208 0
w 1072 208 1120 208 0
w 1072 128 1120 128 0
c 1072 128 1072 208 4 0.0000049999999999999996 1.142721746765483 0.001 0
r 1072 80 1072 128 0 2000
162 1120 128 1120 208 2 default-led 1 0 0 0.01
w 1200 208 1248 208 0
w 1200 128 1248 128 0
c 1200 128 1200 208 4 0.000009999999999999999 1.178679010584069 0.001 0
r 1200 80 1200 128 0 2500
162 1248 128 1248 208 2 default-led 1 0 0 0.01
w 944 80 880 80 0
w 992 208 1072 208 0
w 1120 208 1200 208 0
s 736 80 816 80 0 1 false
w 944 208 736 208 0
w 944 80 1072 80 0
w 1072 80 1200 80 0
r 816 80 880 80 0 500
w 1200 80 1328 80 0
w 1248 208 1328 208 0
162 1376 128 1376 208 2 default-led 1 0 0 0.01
r 1328 80 1328 128 0 2000
c 1328 128 1328 208 4 0.0000049999999999999996 1.1427217467654602 0.001 0
w 1328 128 1376 128 0
w 1328 208 1376 208 0
w 1328 80 1456 80 0
w 1376 208 1424 208 0
162 1504 128 1504 208 2 default-led 1 0 0 0.01
r 1456 80 1456 128 0 1000
c 1456 128 1456 208 4 0.000002 1.135335358192278 0.001 0
w 1456 128 1504 128 0
w 1456 208 1504 208 0
w 1456 208 1424 208 0
o 14 64 0 4099 2.5 0.00078125 0 2 14 3
o 13 64 0 4099 5 0.00078125 1 2 13 3
